90.003479 21.299257 -150.160965
72.842621 21.000000 -255.926788
65.686745 20.986830 -267.703674
54.695488 20.500000 -285.751923
39.603184 20.500000 -305.527924
24.645063 19.716564 -320.550507
8.856629 19.000000 -331.866516
-8.853237 19.781158 -339.834930
-30.584459 20.342041 -347.615417
-52.150372 20.500000 -352.422668
-69.170418 21.000000 -356.407776
-86.815163 19.000000 -370.069733
-88.492523 17.621593 -390.704041
-89.028442 17.500000 -412.732910
-90.698936 17.500000 -426.470856
-92.469223 16.500000 -442.975250
-87.648628 19.240465 -457.594849
-75.447266 23.087919 -466.612305
-63.875423 23.361307 -468.099854
-52.259113 23.576950 -469.110718
-34.356899 23.284731 -470.084686
-15.516234 22.575464 -469.993774
0.643250 22.148872 -469.447845
18.608877 21.078432 -468.933838
33.902859 21.000000 -468.646362
51.920914 21.000000 -468.395905
69.061745 21.000000 -468.252319
84.398346 21.000000 -468.126251
99.734947 21.000000 -468.000183
115.071548 21.000000 -467.874115
131.310272 21.569336 -467.740631
144.875732 21.571310 -467.745239
158.513718 22.335737 -467.980042
174.953827 22.411543 -468.611786
192.342255 22.202877 -469.701019
208.835205 21.896973 -470.904022
223.495605 21.062952 -471.973358
240.904831 20.458549 -473.243195
256.481506 20.200928 -474.379364
273.853302 20.077963 -476.439362
287.536774 20.000000 -478.658600
304.019073 20.000000 -480.854645
320.605133 20.000000 -482.214203
340.896332 20.168257 -483.601196
354.758972 20.500000 -483.765625
370.444122 20.495502 -482.791443
386.951508 20.500000 -480.716522
400.406677 20.757301 -477.361877
415.077698 20.632227 -471.713562
427.875153 20.336264 -464.326050
437.099030 20.500000 -456.660370
448.076904 21.000000 -441.793121
454.319916 22.000000 -429.359100
460.343079 22.016621 -415.774323
465.410736 21.770639 -398.895477
467.582825 21.501997 -386.222595
478.487061 22.000000 -345.292664
481.340515 22.500000 -331.493439
483.944366 22.500000 -315.719879
486.701508 22.500000 -299.017120
488.999481 22.500000 -285.094238
491.757050 22.500000 -268.386780
494.639160 22.538561 -250.746246
496.612396 22.943972 -234.869781
494.917694 22.082445 -218.120758
56.751598 21.000000 -280.024872
45.382736 20.500000 -299.349548
-89.835533 17.500000 -382.685211
-88.378296 17.500000 -407.293976
-81.998383 20.993580 -461.688660
474.686951 21.533104 -357.533051
469.269714 21.000000 -375.864807
207.256165 20.709835 -291.985168
217.422134 20.383389 -300.910126
233.785995 20.000000 -312.877777
253.067490 19.000000 -323.884705
273.733429 19.792925 -331.849823
301.354462 20.000000 -335.728058
324.805389 20.000000 -331.602509
341.853119 20.000000 -325.340332
359.021576 20.000000 -316.941895
374.586761 20.000000 -306.094147
388.406921 20.000000 -294.561035
401.077454 20.500000 -283.115234
412.642609 21.036583 -269.217133
420.649750 21.261383 -255.173859
428.714508 20.540909 -236.941177
437.913727 20.000000 -224.838974
454.171082 20.000000 -214.609619
470.228058 20.000000 -211.779007
487.175873 20.500000 -215.318390
473.966156 20.000000 -198.593552
441.293060 20.000000 -207.332199
468.760864 20.000000 -249.967926
418.778381 20.000000 -283.634857
419.017639 21.690079 -183.189880
480.276306 20.000000 -165.583099
476.768311 20.000000 -180.605179
453.496002 20.000000 -184.677460
430.051422 20.500000 -196.232697
410.214142 24.500000 -233.413681
455.817993 20.000000 -285.324921
285.215912 20.002491 -328.113342
285.215912 20.002491 -328.113342
154.422394 20.000000 -230.015503
143.897842 20.000000 -226.947006
130.742401 20.000000 -223.126968
124.599358 20.000000 -221.372589
118.453201 20.000000 -219.668533
105.164703 20.500000 -197.973221
112.990097 20.500000 -195.205276
121.598030 20.059086 -192.160538
130.205978 20.000000 -189.115799
138.813995 20.000000 -186.071060
162.251083 20.613564 -218.146240
163.762711 20.936045 -208.265274
165.538239 21.629652 -196.587387
166.560638 22.032936 -186.698425
167.650162 22.030735 -174.107376
167.700500 21.776106 -163.352295
167.162354 21.161303 -152.637695
166.810165 21.086166 -140.091904
167.181625 20.665413 -124.767769
168.966003 20.546080 -110.394020
172.403900 20.700134 -98.065491
176.213928 21.000000 -86.751282
82.835808 21.828363 -230.392609
84.807297 21.500000 -219.518372
86.578148 21.559988 -206.905197
88.150360 21.627819 -193.412643
89.320702 21.000000 -171.403549
89.958862 21.308779 -157.024323
88.808968 21.500000 -179.985001
78.240074 21.453281 -242.176346
-87.768097 17.708399 -399.804352
94.173248 21.000000 -202.328735
100.948082 20.500000 -200.453018
163.440582 20.482998 -234.454681
168.808319 20.524876 -245.032455
177.787186 21.427929 -259.847076
188.487030 21.416195 -273.243286
199.074600 20.500000 -283.825348
150.769318 20.000000 -162.812744
136.744507 20.500000 -161.213501
121.842560 20.500000 -159.550339
127.114235 20.500000 -159.100204
161.203903 20.500000 -162.994919
143.658997 20.352743 -161.421402
240.550598 19.424519 -320.098755
290.223114 20.000000 -335.137817
225.315598 20.115597 -306.489410
-77.040329 20.500000 -362.645966
-77.040329 20.500000 -362.645966
-271.902039 20.304075 -329.043365
-275.403168 20.247316 -325.680939
-279.647308 20.372591 -321.691010
-283.971893 20.419331 -317.785400
-287.639221 20.385338 -314.599976
-291.330078 20.349583 -311.445465
-295.048187 20.223440 -308.327637
-300.330475 20.429499 -304.077942
-305.642151 20.296347 -299.875397
-313.282562 19.332769 -293.959015
-318.699463 18.510778 -289.936218
-322.668304 18.500000 -287.220947
-328.331116 18.000000 -283.606750
-341.319794 18.500000 -275.462158
-353.128296 18.539850 -267.374298
-372.546906 18.976667 -252.255676
-250.400269 19.162542 -348.346802
-244.231186 19.000000 -358.032135
-238.840591 18.500000 -368.372894
-235.489502 18.237762 -382.890106
-232.638824 17.629616 -397.850983
-230.269684 16.500000 -414.096405
-227.989960 16.775709 -427.655701
-222.081421 18.705162 -444.908875
-213.757126 21.533356 -457.706024
-264.068848 19.451204 -336.442505
-266.294434 20.190521 -334.077759
-258.056305 19.000000 -342.456116
-421.525726 18.000000 -279.209930
-431.511444 18.036928 -291.059540
-441.141327 18.500000 -307.948853
-445.735229 19.000000 -321.784668
-447.352234 19.000000 -340.152649
-448.173401 20.000000 -356.644592
-447.668793 20.114008 -373.190674
-445.220886 20.315853 -390.543060
-439.401123 20.000000 -410.163269
-433.324341 20.000000 -423.452087
-422.492188 20.131662 -437.238403
-407.179047 20.500000 -449.124756
-389.141113 21.000000 -455.783905
-371.999237 21.644587 -458.541992
-354.687164 22.029327 -459.512512
-338.328918 22.164137 -460.144409
-321.007965 22.288996 -460.729675
-300.814880 23.334301 -460.942047
-282.555328 23.856192 -461.044678
-263.362793 25.349760 -461.014526
-242.516479 25.752539 -460.558777
-222.906006 23.733713 -459.971008
-398.317932 19.051012 -237.355591
-405.604950 20.000000 -182.283966
-416.522156 20.000000 -111.157715
-403.185760 19.025927 -137.390396
-408.916962 16.554272 -222.731201
-381.144043 18.250408 -223.260666
-427.485443 18.392962 -133.172531
88.248795 21.173592 -213.455765
277.381470 20.000000 365.715302
